Deg_centrality = 0.00421939906703862 
Clos_centrality = 0.2517903254761247 
Subgraph_centrality = 3.180028715568807e+111
